results/conv_net_no_bn_ndim12010_FTSG/badWeather/blizzard
AveragePrecision: 0.0
FNR: 0.297676914286
Recall: 0.702323085714
Sp: 0.977153276322
Precision: 0.340878492704
PWC: 2.73938800407
FPR: 0.0228467236776
F_Measure: 0.458984801792
total result
AveragePrecision: 0.0
FNR: 0.297676914286
Recall: 0.702323085714
Sp: 0.977153276322
Precision: 0.340878492704
PWC: 2.73938800407
FPR: 0.0228467236776
F_Measure: 0.458984801792
